<?xml version="1.0"?>
<opencv_storage>
<calibration_Time>"Fri Nov 24 00:25:16 2017"</calibration_Time>
<nrOfFrames>8</nrOfFrames>
<image_Width>1080</image_Width>
<image_Height>720</image_Height>
<board_Width>9</board_Width>
<board_Height>6</board_Height>
<square_Size>50.</square_Size>
<FixAspectRatio>1.</FixAspectRatio>
<!-- flags:  +fix_aspectRatio +fix_principal_point +zero_tangent_dist -->
<flagValue>14</flagValue>
<Camera_Matrix type_id="opencv-matrix">
  <rows>3</rows>
  <cols>3</cols>
  <dt>d</dt>
  <data>
    8.9674935191525515e+02 0. 5.3950000000000000e+02 0.
    8.9674935191525515e+02 3.5950000000000000e+02 0. 0. 1.</data></Camera_Matrix>
<Distortion_Coefficients type_id="opencv-matrix">
  <rows>5</rows>
  <cols>1</cols>
  <dt>d</dt>
  <data>
    -1.7278487554601155e-01 6.8095484078274049e-01 0. 0.
    -1.0703930699617057e+00</data></Distortion_Coefficients>
<Avg_Reprojection_Error>2.7096237537213363e-01</Avg_Reprojection_Error>
<Per_View_Reprojection_Errors type_id="opencv-matrix">
  <rows>8</rows>
  <cols>1</cols>
  <dt>f</dt>
  <data>
    2.48361364e-01 2.20108986e-01 2.60963142e-01 2.54698157e-01
    3.71155322e-01 3.22242588e-01 2.56555468e-01 1.91946253e-01</data></Per_View_Reprojection_Errors>
<!-- a set of 6-tuples (rotation vector + translation vector) for each view -->
<Extrinsic_Parameters type_id="opencv-matrix">
  <rows>8</rows>
  <cols>6</cols>
  <dt>d</dt>
  <data>
    -3.8425295430686422e-02 -5.7310430667336959e-02
    -8.6893073082729266e-03 -2.2697552958127838e+02
    -1.2650452118092429e+02 6.8969580232690453e+02
    7.6212026325938988e-03 -1.0733335347255660e-02
    8.0060681402974818e-03 -2.2829541750760754e+02
    -9.6355544269449183e+01 7.5315810761543560e+02
    -7.8072049570503996e-02 -1.0476606349046663e-01
    1.5475138749737538e+00 1.6414812648253297e+02
    -2.1347243728246457e+02 8.4233008254785545e+02
    -7.2851313301287163e-02 -3.9563884221692283e-02
    3.1272694167404063e+00 1.2654990497247698e+02 1.9193615023777443e+01
    8.8697311203188019e+02 -8.7232719880003973e-02
    5.6530452339359591e-02 -5.2066473746110000e-04
    -2.2070694821082918e+02 -1.0061432955045524e+02
    5.9165836368457121e+02 1.0495987716150354e-01 1.6603370571119602e-02
    -6.0100415120932131e-03 -2.0137479552448536e+02
    -1.3019721544661610e+02 6.1670376179836978e+02
    -1.1671044854334760e-01 7.3059597767170983e-02
    -2.2220002339336839e-02 -2.3842569045509745e+02
    -8.9364935160074253e+01 8.5924749399858285e+02
    -1.7928603155983051e-02 8.4121193060863658e-02
    1.5399402075838424e+00 8.8026361784550868e+00
    -1.9173455313182126e+02 8.4372022772408309e+02</data></Extrinsic_Parameters>
<Image_points type_id="opencv-matrix">
  <rows>8</rows>
  <cols>54</cols>
  <dt>"2f"</dt>
  <data>
    2.48686127e+02 1.97426300e+02 3.12916718e+02 1.97089981e+02
    3.76702148e+02 1.96657059e+02 4.41026215e+02 1.96335831e+02
    5.04796783e+02 1.96198135e+02 5.68057312e+02 1.96561295e+02
    6.31018494e+02 1.97055237e+02 6.92708801e+02 1.97575821e+02
    7.53743835e+02 1.98086868e+02 2.48074814e+02 2.60822723e+02
    3.12527252e+02 2.60475677e+02 3.76618439e+02 2.60123810e+02
    4.41187256e+02 2.59536774e+02 5.05175140e+02 2.59606323e+02
    5.68712891e+02 2.59500824e+02 6.32032227e+02 2.59585144e+02
    6.94019470e+02 2.59696869e+02 7.55237183e+02 2.59847473e+02
    2.47736832e+02 3.24923706e+02 3.12425537e+02 3.24559937e+02
    3.76706543e+02 3.24086975e+02 4.41494171e+02 3.23658630e+02
    5.05679413e+02 3.23327026e+02 5.69462097e+02 3.22999664e+02
    6.33039917e+02 3.22588654e+02 6.95294312e+02 3.22426819e+02
    7.56592773e+02 3.22134949e+02 2.47571060e+02 3.89736359e+02
    3.12521698e+02 3.89400574e+02 3.76998352e+02 3.88943756e+02
    4.41898438e+02 3.88495148e+02 5.06265930e+02 3.87835876e+02
    5.70238770e+02 3.87271393e+02 6.33985535e+02 3.86657288e+02
    6.96474915e+02 3.86007050e+02 7.57966736e+02 3.85214600e+02
    2.47573044e+02 4.54649963e+02 3.12678284e+02 4.54092010e+02
    3.77329956e+02 4.53566193e+02 4.42400940e+02 4.52998352e+02
    5.06860657e+02 4.52309753e+02 5.70919922e+02 4.51563629e+02
    6.34770325e+02 4.50486023e+02 6.97393616e+02 4.49460876e+02
    7.58867371e+02 4.48273376e+02 2.47740097e+02 5.19717346e+02
    3.12789734e+02 5.19113159e+02 3.77647522e+02 5.18461182e+02
    4.43044983e+02 5.17710205e+02 5.07491791e+02 5.16807556e+02
    5.71546204e+02 5.15608765e+02 6.35484741e+02 5.14488770e+02
    6.98302246e+02 5.12990784e+02 7.60127808e+02 5.11427643e+02
    2.71028717e+02 2.46049500e+02 3.29055756e+02 2.46274475e+02
    3.87384583e+02 2.46477722e+02 4.46693146e+02 2.46859299e+02
    5.05887695e+02 2.47278748e+02 5.65027832e+02 2.47880478e+02
    6.24217773e+02 2.48596390e+02 6.82580688e+02 2.49424408e+02
    7.40678589e+02 2.50130890e+02 2.70339478e+02 3.04776764e+02
    3.28607544e+02 3.05190826e+02 3.87025757e+02 3.05550934e+02
    4.46475983e+02 3.05900085e+02 5.05469208e+02 3.06424866e+02
    5.64467346e+02 3.06901001e+02 6.23796814e+02 3.07486877e+02
    6.82442749e+02 3.08122253e+02 7.40378967e+02 3.08682159e+02
    2.70142731e+02 3.63451996e+02 3.28441406e+02 3.64150024e+02
    3.86705261e+02 3.64517487e+02 4.46035187e+02 3.65081909e+02
    5.05113617e+02 3.65647125e+02 5.64146362e+02 3.66077423e+02
    6.23445984e+02 3.66580414e+02 6.81897583e+02 3.66952148e+02
    7.40026245e+02 3.67401093e+02 2.69822388e+02 4.22513000e+02
    3.28231049e+02 4.23163086e+02 3.86605286e+02 4.23808777e+02
    4.45682526e+02 4.24539368e+02 5.04524750e+02 4.24994476e+02
    5.63572876e+02 4.25458252e+02 6.22735474e+02 4.25890076e+02
    6.81291504e+02 4.26048920e+02 7.39350403e+02 4.26302307e+02
    2.69722717e+02 4.81088104e+02 3.28215332e+02 4.81737457e+02
    3.86426971e+02 4.82537598e+02 4.45439056e+02 4.83389008e+02
    5.04428101e+02 4.84023224e+02 5.63190918e+02 4.84329102e+02
    6.22275696e+02 4.84561523e+02 6.80448181e+02 4.84659058e+02
    7.38512146e+02 4.84663239e+02 2.69746765e+02 5.39414734e+02
    3.27891449e+02 5.40384094e+02 3.86256134e+02 5.40840454e+02
    4.45454895e+02 5.41585876e+02 5.03907257e+02 5.42284058e+02
    5.62515564e+02 5.42475464e+02 6.21475891e+02 5.42657959e+02
    6.79720276e+02 5.42861389e+02 7.37713440e+02 5.42879272e+02
    7.12011902e+02 1.34861664e+02 7.13627075e+02 1.87054733e+02
    7.14989380e+02 2.39382004e+02 7.15931213e+02 2.92541473e+02
    7.16686707e+02 3.45006836e+02 7.17395691e+02 3.97480347e+02
    7.18003601e+02 4.50124420e+02 7.18694214e+02 5.02219208e+02
    7.19349182e+02 5.54086914e+02 6.61003052e+02 1.34054352e+02
    6.62381653e+02 1.86756668e+02 6.63554932e+02 2.39531204e+02
    6.64764587e+02 2.93025940e+02 6.65440857e+02 3.46023254e+02
    6.66405701e+02 3.99016541e+02 6.67124695e+02 4.52211487e+02
    6.67950378e+02 5.04619293e+02 6.68570740e+02 5.56826843e+02
    6.09014282e+02 1.33729172e+02 6.10235596e+02 1.86775330e+02
    6.11376892e+02 2.39894287e+02 6.12444336e+02 2.93773712e+02
    6.13495789e+02 3.47249786e+02 6.14435730e+02 4.00607483e+02
    6.15263000e+02 4.54306763e+02 6.16196411e+02 5.07176086e+02
    6.17136780e+02 5.59870483e+02 5.55954041e+02 1.33318054e+02
    5.57018066e+02 1.86612366e+02 5.58088684e+02 2.40214493e+02
    5.59165222e+02 2.94433258e+02 5.60180725e+02 3.48492035e+02
    5.61164124e+02 4.02286194e+02 5.62301270e+02 4.56377686e+02
    5.63227478e+02 5.09678162e+02 5.64378723e+02 5.62543213e+02
    5.02286407e+02 1.32969666e+02 5.03260712e+02 1.86686646e+02
    5.04219299e+02 2.40723938e+02 5.05328369e+02 2.95280151e+02
    5.06452362e+02 3.49594025e+02 5.07468506e+02 4.03878845e+02
    5.08564270e+02 4.58390869e+02 5.09656616e+02 5.11955414e+02
    5.10970856e+02 5.65181763e+02 4.48069977e+02 1.32874283e+02
    4.48944153e+02 1.86910645e+02 4.49839508e+02 2.41288712e+02
    4.50746155e+02 2.96188782e+02 4.51850494e+02 3.50805328e+02
    4.52942657e+02 4.05400421e+02 4.54377441e+02 4.60174805e+02
    4.55518127e+02 5.14208374e+02 4.56943115e+02 5.67923340e+02
